mean:	1.9051647396181198e-06
std:	3.7178152791566355e-05
