mean: 1.53212494679173e-06
std: 3.3221367699426096e-05