mean:	7.20617723994828e-08
std:	8.492149362353126e-07
