mean:   7.008992625273836e-08
std:    8.331973453763973e-07