mean:	1.4845922618719616e-08
std:	5.84335353929737e-08
