mean:   1.4789910829230263e-08
std:    5.793614192108802e-08