mean:	3.809778969114863e-07
std:	2.47250800853211e-06
