mean:   3.776382841877055e-07
std:    2.4494721328553484e-06