mean:	4.643947069012302e-08
std:	5.168772914100498e-07
