mean: 4.504322897378644e-08
std: 5.051546556904938e-07