mean:	3.110789401931193e-06
std:	5.3072542924173754e-05
