mean:   2.5250993441065575e-06
std:    4.7684426441860176e-05