mean:   1.5618534855099505e-07
std:    2.568139089346509e-07