mean:	1.5638288268474586e-07
std:	2.5869570049715945e-07
