mean:	1.211083618813087e-08
std:	3.392879058158033e-08
