mean:   1.2077628525142633e-08
std:    3.354375072814578e-08