mean:   1.2893285797176196e-05
std:    0.0001284868421136091