mean:	1.4124454216097181e-05
std:	0.00013478093126881793
